timestamp,mem_write_time,mem_read_time,file_write_time,file_read_time,rtt,tsc_jump
14619116812705,10875414,9089968,36966,5176,0.21,744868
14619224685463,10533114,10109548,52002,5712,0.21,8554808
14619324601415,9956760,10179864,58520,5450,0.21,4081402
14619424483498,9468022,9961708,34620,4418,0.21,14197020
14619524873662,10022864,10220548,60150,5158,0.21,3160316
14619624684464,9445444,9895858,59156,4916,0.21,15726798
14619725009410,10055930,10277584,60640,5242,0.21,14044064
14619824875308,9447386,10334094,47810,6010,0.21,17783136
14619924868335,9639554,9817292,46648,5238,0.21,819662
14620024686113,9575266,8908788,44138,5840,0.21,850944
14620124737459,9628638,8862230,31180,3736,0.20,802188
14620224802764,9590254,8836260,32602,4050,0.20,768102
14620324879418,9571006,8847430,30642,3806,0.20,801250
14620424955971,9569800,8838040,29642,3698,0.20,803920
14620525038949,9572798,8836372,29138,4248,0.20,796644
14620625122553,9593052,8834686,29186,3750,0.20,622656
14620725177345,9520900,8839218,28676,3906,0.20,801054
14620825302093,9495318,8919482,28416,3940,0.20,622964
14620925387779,9502828,8919424,30060,3986,0.20,787218
14621025541260,9484124,8911010,41696,6476,0.20,806190
14621125592910,9468574,8924104,30146,4086,0.13,795456
14621225662667,9452992,8903084,28574,3646,0.13,760816
14621325745675,9511398,8855852,29054,3644,0.13,621652
14621425823237,9513148,8848048,28516,3486,0.13,795360
14621525899431,9498012,8852066,28006,3544,0.13,795768
14621625977075,9493716,8840190,28228,3640,0.13,643294
14621726057310,9500702,8833004,29136,3984,0.13,626180
14621826144433,9510868,8841404,28774,3590,0.13,642188
14621926246356,9497918,8851690,29162,4072,0.13,789896
14622026324209,9504640,8916352,29268,3874,0.13,789886
14622126409233,9438806,8964138,58244,4008,0.11,643840
14622226496761,9439822,8906626,29034,3718,0.11,786218
14622326577306,9530512,8821632,28792,3924,0.11,621510
14622426659357,9530710,8825146,30896,4020,0.11,630768
14622526739575,9578900,8787300,28452,3890,0.11,626946
14622626815586,9580844,8770934,28686,3760,0.11,804070
14622726893739,9575612,8774844,27938,3904,0.11,629092
14622826972297,9570370,8780330,29262,3710,0.11,674978
14622927052286,9577066,8768904,27948,3698,0.11,795182
14623027187945,9613822,8805114,48850,6500,0.11,629372
14623127344420,9739892,8919658,49120,6128,0.16,718800
14623227415721,9684460,8905160,58852,6986,0.16,798732
14623327511766,9614164,8912678,46952,7702,0.16,790592
14623427590597,9629426,8883328,53956,7380,0.16,700088
14623527671258,9614292,8890540,45234,6622,0.16,791728
14623627705111,9596194,8877270,29730,4010,0.16,640282
14623727772758,9629346,8803294,30190,4138,0.16,625958
14623827859103,9629858,8831316,29768,4234,0.16,625308
14623927930375,9609066,8819136,30686,4022,0.16,787380
14624028044949,9638064,8803690,30844,11454,0.16,790436
14624128118220,9625254,8899664,30488,4140,0.12,788992
14624228307799,9976054,8932648,31368,4142,0.12,789988
14624328300284,9632606,8935038,30680,4080,0.12,628382
14624428384794,9603774,9003162,30576,4252,0.12,795228
14624528501082,9719094,8946992,42922,6898,0.12,759276
14624628598027,9570222,8960610,31028,3880,0.12,630876
14624728690595,9570818,9011722,30282,4010,0.12,794444
14624828758348,9645590,8872668,30138,3930,0.12,656562
14624928830789,9609776,8894740,29432,3940,0.12,792416
14625028914299,9625010,8886652,30626,3866,0.12,624834
14625128991455,9637824,8848662,34756,4388,0.12,688698
14625229046232,9573628,8841028,31706,4240,0.12,793486
14625329126475,9581540,8838332,30854,3834,0.12,621412
14625429172218,9502472,8837798,29606,4066,0.12,790588
14625529303218,9502516,8915246,29072,4092,0.12,791230
14625629387489,9512072,8914068,29048,3700,0.12,796912
14625729496224,9444396,8895886,29002,3920,0.12,678276
14625829577874,9434880,8909290,29038,3918,0.12,621342
14625929661046,9451260,8911534,28658,3686,0.12,654224
14626029739048,9502136,8859498,28852,3828,0.12,631892
14626129814303,9502952,8847822,29422,3854,0.09,637472
14626229888932,9498546,8833718,28638,3724,0.09,762206
14626329970968,9497392,8844058,29370,3914,0.09,631676
14626430055872,9508358,8852118,28758,4018,0.09,788926
14626530198962,9558186,8880030,54852,6828,0.09,797150
14626630296169,9556030,8860336,47202,6804,0.09,762534
14626730387595,9559384,8937384,54372,7102,0.09,800198
14626830456132,9497606,8957834,45838,7522,0.09,692668
14626930573622,9575756,8888420,49414,8500,0.09,802390
14627030642922,9574366,8863892,39676,6318,0.09,796104
14627130681614,9556632,8851544,29536,3766,0.17,801236
14627230780307,9637250,8808834,32542,4284,0.17,801368
14627330855268,9622266,8820596,30284,4354,0.17,790494
14627430933239,9644896,8800910,29176,4150,0.17,628742
14627531023221,9631072,8841398,30050,4276,0.17,657974
14627631098226,9619822,8833944,29128,4188,0.17,634088
14627731168564,9621272,8801220,29622,4056,0.17,633354
14627831272358,9606622,8814740,30888,4270,0.17,620130
14627931349369,9636008,8860668,28576,4096,0.17,684118
14628031455362,9610880,8897918,36104,5460,0.17,801172
14628131537742,9581900,8907600,31276,4162,0.22,829460
14628231598310,9564500,8857218,29324,3936,0.22,764926
14628331682534,9557160,8881040,28620,4090,0.22,644516
14628431762673,9621976,8815674,28280,3818,0.22,629590
14628531844400,9637672,8802314,28668,4064,0.22,619958
14628631927822,9611456,8842684,28494,3952,0.22,799952
14628732037441,9630954,8810762,28736,3824,0.22,630032
14628832101341,9632052,8868794,30032,4166,0.22,692376
14628932183862,9611536,8881276,29406,4138,0.22,1616684
14629032280960,9628416,8930896,28970,3950,0.22,619986
14629132387423,9647218,9006188,29120,4122,0.18,643254
14629232565013,9753852,9208542,29964,4186,0.18,761580
14629332548514,9566262,8953752,29300,4006,0.18,676286
14629432623275,9548994,8958258,28520,3760,0.18,621178
14629532701085,9563954,8934786,31502,4012,0.18,631864
14629632787257,9641372,8865222,28972,4014,0.18,669702
14629732860574,9613884,8884960,28242,3888,0.18,627036
14629832959721,9686528,8880476,27750,3856,0.18,626676
14629933046266,9598390,8885454,28412,4018,0.18,674926
14630033212233,9635324,9003180,50978,5882,0.18,654918
14630133263393,9551036,8877868,45320,6992,0.17,799484
14630233368871,9552436,8933000,52764,6458,0.17,788798
14630333438600,9509172,8925888,47362,6246,0.17,794568
14630433566720,9495536,8940262,56380,7074,0.17,790696
14630533664957,9545900,8986104,42832,5504,0.17,799040
14630633716469,9507842,8959102,29228,4022,0.17,856972
14630733788411,9562170,8880630,28932,3862,0.17,804658
14630833877891,9563018,8892278,39198,4108,0.17,800132
14630933950601,9550344,8894336,29164,3654,0.17,789514
14631034032863,9555074,8889578,28908,3976,0.17,804020
14631134139028,9531428,8892648,28416,4072,0.20,766116
14631234241356,9543410,8877586,28634,3898,0.20,765914
14631334318931,9542244,8940050,28770,3812,0.20,622106
14631434403216,9541018,8953502,29306,4104,0.20,625576
14631534446196,9528708,8960866,37570,4970,0.20,879724
14631634540473,9599192,8894860,29504,4162,0.20,795962
14631734601897,9552226,8876238,28724,4074,0.20,620066
14631834679206,9564292,8860614,28794,4010,0.20,642942
14631934763628,9623306,8813836,29044,3844,0.20,637138
14632034844383,9636704,8805282,28930,3998,0.20,626372
14632134928433,9627702,8812038,29602,4042,0.14,790500
14632234998867,9606384,8813576,28294,3872,0.14,764560
14632335079346,9625902,8798170,28750,3972,0.14,788000
14632435172955,9607708,8822720,28016,3834,0.14,628168
14632535274995,9638592,8800866,29622,3948,0.14,795400
14632635354851,9632180,8872046,28902,3978,0.14,796862
14632735412760,9545984,8894864,29186,4210,0.14,654966
14632835508639,9523362,8831064,32012,4360,0.14,625674
14632935582238,9513472,8843228,29210,4096,0.14,785656
14633035656738,9509770,8836520,28132,4070,0.14,680892
14633135738088,9584740,8768584,28094,4106,0.11,800206
14633235817070,9570484,8776824,27560,3756,0.11,760496
14633335891780,9561548,8770500,27368,3946,0.11,623388
14633435972525,9573266,8767906,27012,3756,0.11,635570
14633536136168,9619142,8881890,47950,5946,0.11,781518
14633636255193,9634074,8888818,54058,6306,0.11,799684
14633736324570,9617952,8940504,51556,6196,0.11,765494
14633836472426,9677506,9123752,46304,5880,0.11,628546
14633936462532,9578056,8904350,43104,6320,0.11,791832
14634036563924,9556614,8911702,39522,5980,0.11,795516
14634136616870,9567440,8905414,29406,4020,0.19,627516
14634236687611,9518662,8901792,28746,3910,0.19,761702
14634336799121,9570252,8850686,26936,4010,0.19,686418
14634436899067,9563488,8836494,27960,4050,0.19,619302
14634537010865,9567486,8830246,29558,4026,0.19,781924
14634637123839,9562032,8869056,27838,3846,0.19,760370
14634737174224,9503050,8838636,26584,3838,0.19,625152
14634837301022,9511128,8891144,26950,3886,0.19,619486
14634937383918,9498762,8913176,27394,3780,0.19,624342
14635037563015,9527090,8961928,39272,5372,0.19,672350
14635137615773,9497016,8965960,31346,4294,0.16,627520
14635237692646,9511202,8946798,29764,4026,0.16,764170
14635337794150,9572710,8962018,29044,4250,0.16,690094
14635437850188,9529018,8915860,28644,4044,0.16,636932
14635537927994,9557862,8889510,28418,3782,0.16,619428
14635638004025,9528562,8898404,28794,3956,0.16,634710
14635738080650,9546128,8865868,28668,4016,0.16,672486
14635838174033,9558098,8882790,39364,3780,0.16,623978
14635938268932,9538648,8893104,31278,3906,0.16,620402
14636038345664,9553464,8946272,28514,4106,0.16,627952
14636138431730,9475344,8958832,29020,3990,0.14,798258
14636238519361,9491124,8931528,28666,4098,0.14,762748
14636338604744,9575996,8866536,29114,3910,0.14,766078
14636438684847,9564066,8876282,28866,4098,0.14,800854
14636538763815,9625340,8811854,28950,4016,0.14,799146
14636638850562,9631556,8827610,28636,3920,0.14,800612
14636738922872,9609696,8819214,28780,3626,0.14,798678
14636839002826,9622438,8805514,28240,3910,0.14,790286
14636939084285,9616562,8817976,30766,4076,0.14,798892
14637039268210,9651290,8797194,116092,6264,0.14,802060
14637139340465,9629236,8879502,49652,6188,0.16,799984
14637239433536,9623300,8876062,46768,6976,0.16,802326
14637339462473,9575230,8886052,51776,6450,0.16,662504
14637439574382,9585072,8869604,46788,7516,0.16,801610
14637539635701,9561534,8862148,43006,5770,0.16,801886
14637639721819,9606920,8898546,33324,4426,0.16,883784
14637739776514,9610700,8818486,30798,4078,0.16,794394
14637839859160,9632944,8810654,29772,4068,0.16,650874
14637939942307,9606540,8842016,29650,4088,0.16,789958
14638040050392,9645380,8799606,113802,7322,0.16,638366
14638140121768,9623570,8900432,29796,3854,0.12,793606
14638240200802,9614276,8904892,29174,4002,0.12,763394
14638340292169,9626894,8936536,28794,3996,0.12,623762
14638440379802,9606308,8960740,28326,4128,0.12,641946
14638540442676,9554268,8915864,37456,5146,0.12,760814
14638640538067,9584858,8897044,30718,4186,0.12,632036
14638740601948,9505276,8916180,29006,4122,0.12,799684
14638840679317,9511686,8901982,28346,3948,0.12,630272
14638940757754,9578704,8831368,27926,3858,0.12,788580
14639040836391,9577062,8829114,28204,4010,0.12,624116
14639140916430,9577342,8833740,28184,3948,0.14,787196
14639240997225,9572188,8838390,28608,3982,0.14,788996
14639341078260,9565890,8855766,28294,3826,0.14,793404
14639441154010,9566726,8839598,27864,3968,0.14,631170
14639541169930,9502260,8838330,27490,3856,0.14,626362
14639641301486,9508628,8903372,27878,3994,0.14,620596
14639741383960,9511468,8908946,27738,4016,0.14,630402
14639841388337,9444052,8921516,27706,3822,0.14,629100
14639941500066,9441526,8911370,27680,4014,0.14,787324
14640041579527,9442996,8911092,27428,3728,0.14,624246
14640141657937,9445264,8912148,27156,3924,0.10,688784
14640241739554,9506386,8850468,27106,3886,0.10,763836
14640341819703,9499264,8852912,27486,3474,0.10,638272
14640441900278,9503912,8853646,27282,3800,0.10,620256
14640542093710,9664740,8912058,48906,6114,0.10,787698
14640642284770,9598358,9268700,147164,6818,0.10,877058
14640742238718,9561296,8887074,44708,6484,0.10,790464
14640842326235,9566920,8951790,55382,6296,0.10,801636
14640942406670,9563072,8950564,48400,6266,0.10,805688
14641042432120,9496652,8915978,41702,5214,0.10,803186
14641142544317,9587666,8909938,31826,4436,0.20,748596
14641242605300,9588884,8849918,29460,4056,0.20,787796
14641342688247,9560350,8880368,31336,3808,0.20,656470
14641442765019,9627950,8810900,28480,3952,0.20,622778
14641542852848,9628722,8803162,30124,13048,0.20,794230
14641642923622,9609932,8812928,29056,3762,0.20,798224
14641743004978,9629448,8798552,28884,4180,0.20,635098
14641843131426,9620692,8822942,53940,4192,0.20,684592
14641943204017,9624708,8811930,28970,4140,0.20,674276
14642043330502,9654336,8877730,38346,5470,0.20,791804
14642143385516,9632420,8873498,29700,3980,0.17,680986
14642243410705,9565068,8866952,28908,4102,0.17,791962
14642343528211,9565934,8884280,29166,4106,0.17,765292
14642443607030,9549278,8896056,29400,3982,0.17,796512
14642543687056,9559212,8884054,29278,4074,0.17,657196
14642643765772,9621360,8818182,28956,3860,0.17,634422
14642743842757,9606988,8818628,28560,3846,0.17,671834
14642843922022,9624970,8797668,28770,4004,0.17,620480
14642944039466,9630806,8810872,28988,4210,0.17,790424
14643044106146,9623182,8883648,28684,4276,0.17,627482
14643144193872,9636194,8890274,28478,4130,0.14,687374
14643244278433,9609178,8943690,28810,4076,0.14,674656
14643344359568,9625654,8934866,28568,3876,0.14,627858
14643444430854,9566728,8952044,29102,4064,0.14,627422
14643544545734,9583158,8932604,28648,3960,0.14,631448
14643644625022,9574730,8946940,28740,3986,0.14,686732
14643744696112,9533700,8949694,28344,3936,0.14,795708
14643844777238,9620760,8861076,28898,3866,0.14,620720
14643944869142,9628436,8893130,29470,4370,0.14,696996
14644045040356,9800336,8903540,44366,6668,0.14,798004
14644145210541,9775380,9226580,54714,6866,0.16,802646
14644245154275,9634370,8857484,50128,6544,0.16,798564
14644345246437,9573216,8853986,51922,6512,0.16,784602
14644445409184,9672638,8966298,48022,6336,0.16,679402
14644545421707,9495836,8925984,41518,5532,0.16,1881642
14644645506958,9461404,8903548,29958,4132,0.16,797382
14644745584953,9456136,8912376,28816,3868,0.16,801460
14644845670445,9431856,8956200,28128,4022,0.16,642656
14644945741886,9497222,8856454,28570,3996,0.16,788892
14645045823902,9510556,8843972,28570,4124,0.16,804354
14645145900175,9502388,8842100,28904,4304,0.17,790142
14645245984672,9492016,8863208,28628,3966,0.17,795986
14645346062588,9510298,8838428,28148,3720,0.17,621458
14645446140924,9497602,8850194,27396,3832,0.17,802482
14645546273755,9530614,8848654,40302,5176,0.17,800126
14645646330045,9516198,8911546,29238,4026,0.17,625358
14645746390157,9439300,8924632,27638,3772,0.17,649292
14645846497794,9449548,8898338,27688,3954,0.17,798120
14645946598515,9572432,8849286,27404,3996,0.17,620262
14646046671572,9531210,8850836,30546,4122,0.17,625906
14646146739959,9583136,8772416,29554,4112,0.16,620760
14646246816321,9572770,8762558,28718,3834,0.16,760670
14646346900397,9585858,8772972,27784,3688,0.16,620118
14646446982606,9591362,8772122,28222,3590,0.16,620392
14646547061472,9572522,8786210,28070,3778,0.16,619348
14646647143329,9575468,8777708,28218,3922,0.16,674982
14646747239402,9568868,8775196,28230,3838,0.16,637380
14646847315387,9578842,8832378,27708,3872,0.16,633434
14646947383933,9522348,8841570,28902,3822,0.16,622482
14647047500847,9523194,8835052,27774,3812,0.16,679406
14647147618316,9586934,8879380,32176,4392,0.16,698972
14647247685953,9551002,8878060,30126,4202,0.16,763820
14647347766831,9633062,8802756,29906,4492,0.16,804172
14647447849735,9633804,8824672,28536,4088,0.16,792434
14647548057751,9644916,8975760,49682,6558,0.16,803426
14647648095333,9640776,8827294,54886,7772,0.16,793452
14647748164629,9630964,8873532,50038,7372,0.16,790898
14647848269879,9630106,8883636,123154,6296,0.16,785636
14647948360773,9640742,8971922,53480,7242,0.16,787580
14648048413270,9644742,8920294,42516,5580,0.16,627900
14648148420786,9547020,8918766,29590,4038,0.16,620948
14648248517764,9509602,8905540,29122,3934,0.16,764868
14648348595039,9507060,8897662,28652,3878,0.16,620742
14648448708531,9511214,8910460,29420,4206,0.16,620042
14648548788329,9579662,8840474,27702,3882,0.16,683074
14648648897636,9589742,8842676,28600,4098,0.16,621504
14648749001787,9585480,8839288,27936,3912,0.16,636038
14648849107510,9564826,8842168,28556,3992,0.16,631044
14648949195891,9501220,8858744,37536,4644,0.16,666598
14649049318793,9521840,8915224,31166,4368,0.16,785420
14649149383502,9513194,8902952,29150,4080,0.16,802006
